[MyTrees/fir14_25.mesh]
559.7 61.7008 3811.49;1.645 1.545 1.499
953.811 61.6744 3961.38;1.242 1.337 1.207
281.326 132.857 2302.45;1.378 1.314 1.403
70.3513 53.9401 3442.93;1.242 1.337 1.207
192.154 56.9495 4041.91;2.133 1.754 1.823
1049.15 92.1683 4364.83;2.133 1.754 1.823
3867.04 19.0203 3950.53;2.133 1.754 1.823
3963.05 260.341 4680.09;2.133 1.754 1.823
[MyTrees/firTree.mesh]
515.408 61.5376 3517.06;1.885 1.96 1.897
1099.7 68.2354 3780.78;1.885 2.40801 1.897
778.732 61.657 3860.32;1.885 1.96 1.897
1053.84 61.8934 3408.1;1.361 1.721 1.422
79.363 68.3338 3806.63;1.885 2.29 1.897
930.212 61.7471 4323.76;1.638 2.24 1.678
224.495 56.6778 4093.72;1.638 2.24 1.678
309.88 185.174 1233.93;1.885 2.40801 1.897
577.208 73.5007 2052.48;1.288 1.749 1.52
539.757 64.0748 3110.3;1.885 1.96 1.897
1335.65 64.3505 3661.29;1.885 1.96 1.897
[MyTrees/fir05_30.mesh]
1579.19 181.621 4145.7;1.969 2.325 1.899
1791.69 282.643 4516.72;1.969 2.325 1.899;0.895246 0 0.445573 0
2084.55 273.988 4328.41;1.969 1.86 1.899;0.121436 0 0.992599 0
916.532 155.378 4888.9;1.969 1.867 1.899
1255.07 67.2314 3962.33;1.969 2.325 1.899;0.874408 0 -0.485191 0
357.844 146.037 4800.94;1.969 1.867 1.899;0.689683 0 0.724111 0
660.05 103.793 1461.09;1.969 2.325 1.899;0.993961 0 -0.109735 0
162.507 64.7532 3593.44;1.969 1.762 1.899;0.765484 0 0.643455 0
268.361 57.6496 3825.73;1.969 2.109 1.899;0.765484 0 0.643455 0
452.202 73.5837 2189.28;1.969 2.325 1.899;0.993961 0 -0.109735 0
[MyTrees/fir3.mesh]
744.316 200.852 4903.79;1.553 1.512 1.477
4437.97 209.286 3689.77;2 2 2
